\begin{tikzpicture}
    \begin{ternaryaxis}[
        legend cell align={left},
        %title=Spinel,
        ternary limits relative=false,
        width=10cm,
        height=10cm,
        xmax=100,
        ymax=100,
        zmax=100,
        minor tick num=1,
        grid=both,
        xlabel=Глина,
        xlabel style={
            at={(axis cs:100,0,0)},
            anchor=south,
            yshift=16pt,
            align=center
        },
        ylabel=Песок,
        ylabel style={
            at={(axis cs:0,100,0)},
            anchor=10,
            xshift=-11pt,
            yshift=-16pt,
            align=center
        },
        zlabel=Пыль,
        zlabel style={
            at={(axis cs:0,0,100)},
            anchor=north west,
            xshift=16pt,
            yshift=-11pt,
            align=center
        },
    ]

        \addplot3 [only marks, mark=*, orange!80!black] table [x=Clay, y=Sand, z=Silt] {
            Sand	Silt	Clay
            61.7	28.3	10.0
            63.0	28.6	8.4
            61.0	27.4	11.6
            53.3	36.7	9.9
            63.0	27.1	9.9
            55.8	30.9	13.3
            66.6	22.8	10.6
            70.1	19.2	10.7
            65.5	23.4	11.0
            70.6	21.2	8.2
            71.0	21.6	7.4
            69.7	20.7	9.5		
        };
        \addlegendentry{6 g II ms}

        \addplot3 [only marks, mark=*, lime!80!black] table [x=Clay, y=Sand, z=Silt] {
            Sand	Silt	Clay
            17.2	60.4	22.3
            21.5	56.5	22.0
            18.9	56.0	25.2
            17.9	63.7	18.4
            27.9	52.0	20.1
            18.9	61.8	19.2		
        };
        \addlegendentry{7 flg I-II ms-ds}

        \addplot3 [only marks, mark=*, lime!50!black] table [x=Clay, y=Sand, z=Silt] {
            Sand	Silt	Clay
            12.4	61.2	26.4
            17.5	56.2	26.3
            12.0	54.4	33.6
            35.4	45.2	19.5
            32.2	48.8	19.0
            24.7	49.5	25.8
            48.8	36.8	14.3
            49.6	38.2	12.2
            49.4	33.3	17.3
            50.3	38.2	11.5
            55.5	35.2	9.4
            49.4	37.8	12.8
            37.2	41.3	21.5
            33.2	43.3	23.4
            23.4	46.5	30.1	
        };
        \addlegendentry{8 flg I-II ms-ds}

        \addplot3+[only marks, mark=*, orange!50!black] table [x=Clay, y=Sand, z=Silt] {
            Sand	Silt	Clay	Id
            60.3	28.0	11.7	1
            66.2	19.2	14.7	2
            64.4	18.1	17.5	3
            60.3	29.4	10.3	4
            63.3	28.1	8.6	5
            61.1	28.6	10.2	6
            55.5	25.1	19.4	7
            59.3	19.6	21.1	8
            57.2	20.0	22.8	9
            53.8	33.5	12.7	10
            58.5	26.6	14.9	11
            54.9	27.7	17.4	12
            64.4	18.1	17.5	13
            62.8	14.5	22.7	14
            60.6	14.8	24.6	15
            66.5	22.1	11.4	16
            66.1	16.4	17.5	17
            64.4	16.7	18.9	18
            59.6	25.3	15.1	19
            61.4	20.6	18.1	20
            57.7	23.1	19.2	21
        };
        \addlegendentry{9 g I ds}

    \end{ternaryaxis}
\end{tikzpicture}